600
0.1
0.04
4
3
26
1 2 2000
2 3 3000
3 4 4500
4 3 3500
5 50
6 70
7 65
8 600
9 400
10 150
11 100
12 300
13 480
14 150
15 300
16 180
17 200
18 80
19 90
20 400
21 600
22 700
23 500
24 400
25 100
26 100
27 210
28 450
29 120
30 300
31 450
32 200
33 150
1 5 1341
1 6 1432
1 7 1350
1 8 2950	
1 9 3242
1 10 1369
1 11 4467
1 12 637
1 13 498
1 14 805
1 15 3707
1 16 1235
1 17 3745
1 18 2385
1 19 3226
1 20 3682
1 21 3720
1 22 2155
1 23 885
1 24 2781
1 25 3433
1 26 3315
1 27 1333
1 28 2746
1 29 3279
1 30 908
1 31 3211
1 32 1786
1 33 1340
2 5 1485
2 6 921
2 7 566
2 8 2182
2 9 2842
2 10 601
2 11 4665
2 12 1012
2 13 476
2 14 773
2 15 3133 
2 16 835
2 17 2775
2 18 2805
2 19 2458
2 20 3880
2 21 2952
2 22 1727 
2 23 1177
2 24 2979
2 25 2665
2 26 3513
2 27 511
2 28 1982
2 29 2879
2 30 99
2 31 2698
2 32 959
2 33 1484
3 5 2449
3 6 1380
3 7 399
3 8 322
3 9 1984
3 10 1256
3 11 5678
3 12 2537
3 13 2269
3 14 2566
3 15 1273
3 16 1612
3 17 3485
3 18 2844
3 19 598
3 20 4893
3 21 1092
3 22 2389
3 23 2974
3 24 3992
3 25 805
3 26 4526
3 27 1533
3 28 116
3 29 1483
3 30 1846
3 31 1047
3 32 1124
3 33 2450
4 5 2141
4 6 1387
4 7 52
4 8 1909
4 9 609
4 10 2231
4 11 5484
4 12 2343
4 13 2594
4 14 2901
4 15 1401
4 16 1418
4 17 1991
4 18 1134
4 19 2003
4 20 4699
4 21 1938
4 22 624
4 23 3255
4 24 3789
4 25 1904
4 26 4332
4 27 2657
4 28 1930
4 29 636
4 30 2334
4 31 777
4 32 2747
4 33 2140
5 8 2773
5 9 2941
5 10 1594
5 11 3142
5 12 694
5 13 1679
5 14 1986
5 15 3406
5 16 934
5 17 3366
5 18 3046
5 19 3049
5 20 2357
5 21 3543
5 22 1784
5 23 2206
5 24 1456
5 25 3255
5 26 1990
5 27 2017
5 28 2566
5 29 2978
5 30 1614
5 31 2910
5 32 2119
5 33 1
6 8 1650
6 9 2140
6 10 741
6 11 4275
6 12 1134
6 13 1366
6 14 1673
6 15 2200
6 16 209
6 17 2245
6 18 2499
6 19 1930
6 20 3490
6 21 2422
6 22 973
6 23 2027
6 24 2589
6 25 2135
6 26 3123
6 27 1148
6 28 1446
6 29 2157
6 30 1015
6 31 1789
6 32 1239
6 33 1070
7 8 490
7 9 1589
7 10 1650
7 11 5898
7 12 2672
7 13 2663
7 14 2966
7 15 868
7 16 1747
7 17 875
7 18 2085
7 19 723
7 20 5113
7 21 923
7 22 1473
7 23 3368
7 24 4127
7 25 770
7 26 4661
7 27 1927
7 28 513
7 29 1088
7 30 2246
7 31 652
7 32 1519
7 33 2595
